0 0 0.979798 
0.119175 0 0.979798 
0 0.119175 0.979798 

0 0 0.979798 
0.238351 0 0.979798 
0 0.238351 0.979798 

0.476701 0 0.979798 
0.715052 0 0.979798 
0.476701 0.238351 0.979798 

0.476701 0 0.979798 
0.476701 0.238351 0.979798 
0.238351 0 0.979798 

0.476701 0 0.979798 
0.476701 0.476701 0.979798 
0 0 0.979798 

0.953403 0 0.979798 
1.19175 0 0.979798 
0.953403 0.238351 0.979798 

0.953403 0 0.979798 
1.19175 0 0.969697 
0.953403 0.238351 0.979798 

0.476701 0 0.979798 
0.715052 0 0.979798 
0.476701 0.238351 0.979798 

0 0 0.979798 
0.0842239 0.0280746 0.982129 
0.0317373 0.095212 0.977162 

0 0 0.979798 
0.0930157 0.0584721 0.981015 
-0.0389904 0.101015 0.977645 

0 0 0.979798 
0.101918 0.048891 0.980739 
-0.0463816 0.10987 0.979011 

0 0 0.979798 
0.0655484 -0.0860263 0.981144 
0.0611036 0.0741608 0.981826 

